0 1 4.1033624446139765
1 1 3.290421768074108
2 1 2.8890327180751383
3 1 4.883338922764641
4 1 1.9506421089284365
5 1 4.671331839917352
6 1 2.2547336266890916
7 1 4.112244599023906
8 1 1.075760674767624
9 1 1.0090233466817238
10 1 4.1234349782203585
11 1 4.943943678083391
12 1 2.7754628456213424
13 1 1.3416223140748842
14 1 4.025126226828671
15 1 4.233011857851695
16 1 1.2663911920894562
17 1 1.6852534051296508
18 1 0.49103060847856894
19 1 2.1066645982526793
20 1 2.2943421004617384
21 1 1.531500020388973
22 1 2.3056861939350592
23 1 2.1231943380327527
24 1 2.174261913492326
25 1 1.4897457281952333
26 1 2.6786571986531964
27 1 0.25228528794580746
28 1 0.7412569473192806
29 1 3.9991308086004156
30 1 2.452694018883
31 1 4.771561443668935
32 1 1.7079609605516128
33 1 1.9422658303175597
34 1 2.2234471220043672
35 1 2.861233858241434
36 1 4.764217815110725
37 1 2.5329585515316295
38 1 0.12405756164209761
39 1 1.1735709415650701
40 1 3.9524000423064454
41 1 4.184568367384347
42 1 4.413009301557323
43 1 0.1164169177922025
44 1 1.2581722100704393
45 1 3.3211484933145368
46 1 3.733610632285038
47 1 2.0136009353350928
48 1 2.232764587022499
49 1 1.9709781431082767
50 1 2.8035387586946867
51 1 2.5482746410759605
52 1 2.5914884603382697
53 1 3.4773314237030184
54 1 4.451459388571888
55 1 1.8501623194161323
56 1 3.1876843878596666
57 1 1.4851885382391663
58 1 3.3775035596676015
59 1 3.1337156113800138
60 1 1.961619655828728
61 1 1.7497832654926067
62 1 0.903862400900706
63 1 1.7703393057881878
64 1 3.9755436984968817
65 1 1.3685590818528632
66 1 2.3985797113233893
67 1 0.10673278903200907
68 1 0.9609038821060766
69 1 0.13526371533850293
70 1 2.2283846730790478
71 1 0.24978816634837173
72 1 3.0676843301205854
73 1 2.574424687375955
74 1 3.3237195186534514
75 1 3.799558215093082
76 1 3.666038701535715
77 1 1.859259890357021
78 1 1.573597148140509
79 1 0.2897768735734241
80 1 4.142124806162061
81 1 0.3514504985920889
82 1 2.482816451421722
83 1 0.6859948612603638
84 1 0.7221990173029325
85 1 2.4080934618014127
86 1 1.3145251590678952
87 1 3.9325932605878253
88 1 4.991641971904752
89 1 1.0530600303178743
90 1 0.273926512082154
91 1 3.821725110183516
92 1 3.0476707236455987
93 1 0.439259669600249
94 1 0.6184359522627713
95 1 3.3221952114739417
96 1 0.5794634840543047
97 1 3.3186233915797594
98 1 1.4304890195164135
99 1 2.246228710448897
100 1 3.166670947102071
101 1 3.3587887040206814
102 1 1.8470869208286933
103 1 3.8828756280622048
104 1 1.9682609233008574
105 1 4.354747372027459
106 1 0.3204926525914184
107 1 1.5957431993668216
108 1 2.272396465787954
109 1 1.1264300972021746
110 1 3.8432255742930845
111 1 2.334604675101046
112 1 4.590116343875168
113 1 0.11716647117885508
114 1 3.5851745691028873
115 1 3.3364106684771273
116 1 2.852959150021094
117 1 2.676249768515178
118 1 1.3317072493797706
119 1 0.2780773828725334
120 1 1.2053963869246642
121 1 3.871142802608961
122 1 4.859386080966664
123 1 1.9423946928601719
124 1 0.7372982524181191
125 1 0.40459335672674435
126 1 4.54647509780115
127 1 4.2198233645603755
