0 1 0.6712056475210639
1 1 0.6842071407138681
2 1 3.7249148906911613
3 1 2.4478847626624405
4 1 0.17193177623557043
5 1 4.947126039937035
6 1 2.122193076555593
7 1 4.4394145663869615
8 1 3.6900192089749018
9 1 1.7460076765902384
10 1 2.3112586053279283
11 1 0.7974863452515487
12 1 0.8327759142063992
13 1 4.868650803709921
14 1 1.6328154037562106
15 1 2.905461261021891
16 1 4.172703374335002
17 1 0.338125879529952
18 1 1.7881928010451742
19 1 0.6281292606896093
20 1 4.866799788510571
21 1 3.4569247210598153
22 1 2.766934186619088
23 1 1.7749591979671626
24 1 3.5884145835782104
25 1 0.8938155949686597
26 1 4.822520081523202
27 1 2.621587119431598
28 1 1.0867671798952963
29 1 4.230948716957328
30 1 1.3180845689348695
31 1 1.439477167507829
