0 1 3.9234599103592283
1 1 2.4299003143264524
2 1 1.4365072041278062
3 1 0.929898125166888
4 1 4.153941910502092
5 1 3.601920550162566
6 1 4.207788239435245
7 1 4.214372932992804
8 1 4.402027524754545
9 1 2.9802863547185234
10 1 2.3617875258592487
11 1 2.213824934332933
12 1 1.2204938134450294
13 1 0.9487301565711387
14 1 2.0503188866489133
15 1 0.8605929791334855
16 1 1.5496151307324595
17 1 2.765789867124596
18 1 2.9902731693601123
19 1 2.329144090892812
20 1 0.4053822452625172
21 1 0.36594947649884724
22 1 0.8485044161030436
23 1 3.250820066117863
24 1 3.423672833702503
25 1 3.529768107555831
26 1 4.192593112869672
27 1 2.4261888261543967
28 1 2.478733736780527
29 1 0.7765628812245986
30 1 1.294696623888728
31 1 4.561039649692788
32 1 3.4525401328846774
33 1 1.366719056249039
34 1 1.3854440286613734
35 1 3.261907111341522
36 1 4.531161571941333
37 1 4.4463754060818
38 1 4.162209784107804
39 1 3.2885695350909554
40 1 1.2501121043835492
41 1 3.2219396852618365
42 1 2.6414058138531398
43 1 1.8856608139995241
44 1 4.2362864690369495
45 1 2.447344224941345
46 1 4.469180123985439
47 1 4.260552340153392
48 1 2.9724278358707803
49 1 1.6917728399100929
50 1 0.8337134822218143
51 1 4.214474830177519
52 1 2.9302157748316957
53 1 3.7763009885939605
54 1 4.759652700758437
55 1 1.2877908024951803
56 1 3.0498115756308963
57 1 2.7860862393445402
58 1 1.2429375305944474
59 1 4.5952258742485625
60 1 1.3419246091974772
61 1 3.4121024449593005
62 1 4.74488127584682
63 1 2.2758796944782347
