0 1 1.7953269120196753
1 1 0.6940949095310719
2 1 3.7850663311382555
3 1 4.022771962172143
4 1 1.7381714715873295
5 1 3.4388181661389785
6 1 4.868242170233906
7 1 3.9524535317990885
8 1 4.699086448976861
9 1 0.5403501985952196
10 1 3.8208737880706605
11 1 3.150599539794219
12 1 3.3426940954774604
13 1 1.5295075296420773
14 1 0.20569017847360088
15 1 3.4831196567502403
16 1 4.960613789212754
17 1 3.8069238687501996
18 1 1.423897983967699
19 1 2.807470098053951
20 1 2.261531619982972
21 1 4.9780522008277766
22 1 1.991850280277438
23 1 0.1579896573357465
24 1 1.4685056343930494
25 1 0.6981337029255834
26 1 4.351068323464879
27 1 2.1934298099071183
28 1 0.7975646594656327
29 1 0.6897448799303972
30 1 1.4202873184849643
31 1 3.347678468649346
32 1 4.533646312038858
33 1 2.3600927844482955
34 1 3.9447475265328946
35 1 1.0928897502298025
36 1 4.735042131493346
37 1 1.2858915744886936
38 1 4.701984309495388
39 1 4.620601690548879
40 1 4.842167880585653
41 1 2.7822676582810564
42 1 0.502470130310003
43 1 4.564109612279187
44 1 2.191180920995855
45 1 2.7268962700389694
46 1 2.7694743275957387
47 1 2.8256842184644
48 1 0.9094706767310741
49 1 3.1953019543444214
50 1 4.041704825179338
51 1 3.857288002676781
52 1 0.8965580551546655
53 1 4.361164159586774
54 1 1.8367892746601393
55 1 0.7202795746773758
56 1 4.588375100089599
57 1 2.1485083644336807
58 1 0.49207337901976167
59 1 2.6898272282572084
60 1 1.0476856782534063
61 1 2.269992760563052
62 1 2.082135053532521
63 1 4.05623200753307
64 1 1.3640600581626914
65 1 4.929141904522766
66 1 1.454687755513274
67 1 2.115744146811977
68 1 2.9203386976893118
69 1 2.509504355280938
70 1 1.3781745493737918
71 1 1.272237009165547
72 1 0.30099507853685376
73 1 4.793834614666645
74 1 3.1176661396741667
75 1 1.339992864115102
76 1 2.410680296034235
77 1 1.9852348934523474
78 1 3.7088087744265645
79 1 2.9415730379218665
80 1 0.9719028138648602
81 1 3.2210440609077757
82 1 0.9733808885239544
83 1 2.663299597217967
84 1 2.0223225160018097
85 1 4.55326774355694
86 1 3.8101663494494313
87 1 4.98621084281063
88 1 0.892627860523244
89 1 4.932896147378246
90 1 1.3504662539378827
91 1 3.7111153459618103
92 1 3.411719563712449
93 1 3.620054730413383
94 1 2.1553627780343136
95 1 1.9706463888023324
